rf original

extreme0=( 0.13013, 2.0777, 0.50253, 153.44 ) value=-0.1901733603 
extreme1=( 0.003629, 1.05, 0.22235, 4547.7 ) value=-0.874576756 
extreme2=( 0.0081675, 3.9977, 0.66611, 1094.9 ) value=-2.599462346 

fc=100008   BSF=-0.1803140084 bsf_birth=56424
x=( 0.12885, 2.0733, 0.50647, 154.14 )
f=( -0.18031 )


extreme0=( 0.14501, 2.68, 0.54994, 150.03 ) value=-0.001708531927 

fc=60024   BSF=-0.0001438793849 bsf_birth=15240
x=( 0.14499, 2.6797, 0.55004, 150.01 )
f=( -0.00014388 )

rf coarse 1/0.1

