a1=0.00157
a2=0.00150
a3=0.00458
a4=0.00380
a5=0.00455

n1=1.968
n2=1.586
n3=4.154
n4=1.479
n5=1.384

t1=0.72
t2=0.72
t3=0.401
t4=0.594
t5=0.254

f1(x) = t1/(1+(-a1*x)**n1)**(1-1/n1)

f2(x) = t2/(1+(-a2*x)**n2)**(1-1/n2)

f3(x) = t3/(1+(-a3*x)**n3)**(1-1/n3)

f4(x) = t4/(1+(-a4*x)**n4)**(1-1/n4)

f5(x) = t5/(1+(-a5*x)**n5)**(1-1/n5)

set xrange[-280.0:0.0]

plot f1(x) , f2(x), f3(x) , f4(x), f5(x)